506025,-1.34,6.27,-0.40,0.00,-42069
506056,-1.34,8.69,-0.40,0.00,-42069
506087,-1.34,6.27,-0.40,0.00,-42069
506118,-2.55,8.69,-0.40,0.00,-42069
506148,-1.34,6.27,-0.40,0.00,-42069
506178,-1.34,7.48,-0.40,0.00,-42069
506209,-1.34,7.48,-0.40,0.00,-42069
506240,-1.34,7.48,-0.40,0.00,-42069
506270,-2.55,7.48,-0.40,0.00,-42069
506301,-2.55,7.48,-0.40,0.00,-42069
506332,-2.55,7.48,-0.40,0.00,-42069
506362,-2.55,3.85,-0.40,0.00069
506393,-1.34,6.27,-0.40,0.00,-42069
506423,-1.34,6.27,-0.40,0.00,-420
506454,-4.98,7.48,-0.40,0.00,-42069
506484,-1.34,6.27,-0.40,0.00,-42069
506515,-0.13,6.27,-0.40,0.00,-42069
506546,-0.148,-0.40,0.00,-42069
ERROR: CRC_ERROR
506638,-3.77,7.48,-0.40,0.00,-42069
ERROR: STOP_BYTE_ERROR
506729,-0.13,7.48,-0.40,0.00,-42069
506760,-0.13,8.69,-0.40,0.00,-42069
506790,-0.13,8.69,-0.40,0.00,-42069
506821,-0.13,8.69,-0.40,0.00,-42069
506852,-1.34,8.69,-0.40,0.00,-42069
506883,-1.34,8.69,-0.40,0.00,-42069
506913,-0.13,7.48,-0.40,0.00,-42069
50,-2.55,8.69,-0.40,0.00,-42069
506974,-1.34,7.48,-0.40,0.00,-42069
ERROR: CRC_ERROR
507066,-1.34,7.48,-0.40,0.00,-42069
ERROR: STOP_BYTE_ERROR
507158,-0.13,3.85,-0.40,0.00,-42069
507189,-1.34,6.27,-0.40,0.00,-42069
507218,-1.34,6.27,-0.40,0.00,-42069
507249,-1.34,7.48,-0.40,0.00,-42069
507280,-1.34,7.48,-0.40,0.00,-42069
507311,-0.13,6.27,-0.40,0.00,-42069
507341,-1.34,6.27,-0.40,0-42069
507372,-0.13,6.27,-0.40,0.00,-42069
507403,-4.98,6.27,-0.40,0.00,-42069
ERROR: CRC_ERROR
507494,-1.34,3.85,-0.40,0.00,-42069
ERROR: STOP_BYTE_ERROR
507586,-2.55,6.27,-0.40,0.00,-42069
507617,-0.13,3.85,-0.40,0.00,-42069
507648,-0.13,5.06,-0.40,0.00,-42069
507678,-0.13,5.06,-0.40,0.00,-42069
507709,-0.13,6.27,-0.40,0.00,-42069
507739,-0.13,6.27,-0.40,0.00,-42069
507769,-1.34,6.27,-0.40,0.00,-42069
507800,-0.13,6.27,-0.40,0.00,-42069
507831,-1.34,6.27,-0.40,0.00,-42069
ERROR: CRC_ERROR
507923,-1.34,6.27,-0.40,0.00,-42069
ERROR: STOP_BYTE_ERROR
508014,-1.34,7.48,-0.40,0.00,-42069
508045,-4.98,7.48,-0.40,0.00,-42069
508076,-0.13,7.48,-0.40,0.00,-42069
508106,-1.34,7.48,-0.40,0.00,-42069
508137,-0.13,7.48,-0.40,0.00,-42069
508168,-2.55,8.69,-0.40,0.00,-42069
508198,-1.34,7.48,-0.40,0.00,-42069
508229,-2.55,8.69,-0.40,0.00,-42069
508259,-1.34,6.27,-0.40,0.00,-42069
ERROR: CRC_ERROR
508351,-1.34,8.69,-0.40,0.00,-42069
ERROR: STOP_BYTE_ERROR
508443,-0.13,7.48,-0.40,0.00,-42069
508474,-1.34,7.48,-0.40,0.00,-42069
508504,-0.13,8.69,-0.40,,-42069
508534,-0.13,7.48,-0.40,0.00,-42069
508565,-1.34,8.69,-0.40,0.00,-42069
508596,-0.13,8.69,-0.40,0.00,-42069
508626,-0.13,7-0.40,0.00,-42069
508657,-1.34,8.69,-0.40,0.00,-42069
508688,-0.13,7.48,-0.40,0.00,-42069
ERROR: CRC_ERROR
508779,-1.34,8.69,-0.40,0.00,-42069
ERROR: STOP_BYTE_ERROR
508871,-0.13,5.06,-0.40,0.00,69
508902,-0.13,8.69,-0.40,0.00,-42069
508933,-1.34,8.69,-0.40,0.00,-42069
508963,-2.55,8.69,-0.40,0.00,-42069
508994,-0.13,7.48,-0.40,0.02069
509024,-4.98,8.69,-0.40,0.00,-42069
509054,-0.13,8.69,-0.40,0.00,-42069
509085,-1.34,8.69,-0.40,0.00,-42069
509116,-1.34,7.48,-0.40,0.00,-42069
ERROR: CRC_R
509208,-1.34,8.69,-0.40,0.00,-42069
ERROR: STOP_BYTE_ER
509299,-1.34,7.48,-0.40,0.00,-42069
509330,-0.13,7.48,-0.40,0.00,-42069
509361,-2.55,7.48,-0.40,0.00,-42069
509391,-2..48,-0.40,0.00,-42069
509422,-0.13,7.48,-0.40,0.00,-42069
509453,-1.34,8.69,-0.40,0.00,-42069
509484,-0.13,7.48,-0.40,0.00,-42069
509514,-1.34,7.48,-0.40,0.00,-42069
509544,-0.13,8.69,-0.40,0.00,-42069
ERROR: CRC_ERROR
509636,-0.13,7.48,-0.40,0.00,-42069
ERROR: STOP_BYTE_ERROR
509728,-0.13,7.48,-0.40,0.00,-42069
509759,-1.34,8.69,-0.40,0.00,-42069
509790,-0.13,8.69,-0.40,0.00,-42069
509819,-1.34,8.69,14.43,0.05,-42069
509850,-2.55,8.69,37.314,-42069
509881,-1.34,8.69,50.83,0.19,-42069
509912,-1.34,8.69,71.05,0.26,-42069
509942,-2.55,8.69,95.31,0.35,-42069
509973,-2.55,7.48,123.62,0.45,-42069
ERROR: CRC_ERROR
510065,-3.77,8.69,192.37,0.70,-42069
ERROR: STOP_BYTE_ERROR
510156,-6.20,8.69,255.73,0.93,-42069
510187,-6.20,7.48,263.82,0.96,-42
510218,-7.41,7.48,281.35,1.02,-42069
510248,-7.41,5.06,298.87,1.09,-42069
510279,-8.63,6.27,309.65,1.12,-42069
510310,-9.84,6.27,328.53,1.19,-42069
510340,-11.05,6.27,347.40,1.26,-42069
510370,-11.05,6.27,366.27,1.33,-42069
ERROR: CRC_ERROR
510462,-13.48,5.06,416.15,1.51,-42069
ERROR: SBYTE_ERROR
510555,-18.34,5.06,405.37,1.47,-42069
510585,-19.55,3.05.37,1.47,-42069
510616,-21.98,5.06,398.63,1.45,-42069
510646,-23.20,5.06,390.54,1.42,-42069
510676,-24.41,5.06,373.01,1.35,-42069
510707,-28.05,3.85,358.18,1.30,-42069
510738,-32.91,5.06,332.57,1.21,-42069
ERROR: CRC_ERROR
510830,-28.05,6.61.12,0.95,-42069
ERROR: STOP_BYTE_ERROR
510921,-0.13,8.69,-0.40,0.00,-42069
510952,-1.34,8.69,-0.40,0.00,-420610983,-0.13,8.69,-0.40,0.00,-42069
511013,-0.13,8.69,-0.40,0.00,-42069
511044,-3.77,8.69,-0.40,0.00,-42069
511075,-1.34,7.48,-0.40,0.00,-42069
511106,-0.13,8.69,-0.40,0.00,-42069
511136,-0.13,5.06,-0.40,0.00,-42069
ERROR: CRC_ERROR
511227,-1.34,8.69,-0.40,0.00,-42069
ERROR: STOP_BYTE_ERROR
320,-3.77,8.69,-0.40,0.00,-42069
511350,-1.34,8.69,-0.40,0.00,-42069
511381,-0.13,8.69,-0.40,0.00,-42069
511411,-1.34,8.69,-0.40,0.00,-42069
511441,-1.34,8.69,-0.40,0.00,-42069
511472,-1.34,7.48,-0.40,0.00,-42069
511503,-1.34,8.69,-0.40,0.00,-42069
511534,-1.34,7.48,-0.40,0.00,-42069
511564,-1.34,8.69,-0.40,0.00,-42069
ERROR: CRC_ERROR
511656,-1.34,7.48,-0.40,0.00,-42069
ERROR: STOP_BYTE_ERROR
511748,-0.13,8.69,-0.40,0.00,-42069
511778,-0.13,8.69,-0.40,0.00,-42069
511809,-1.34,8.69,-0.40,0.00,-42069
511840,-1.34,8.69,-0.40,0.00,-42069
511870,-1.34,7.48,-0.40,0.00,-42069
511901,-3.77,8.69,-0..00,-42069
511931,-0.13,3.85,-0.40,0.00,-42069
511962,-0.13,7-0.40,0.00,-42069
511992,-1.34,8.69,-0.40,0.00,-42069
ERROR: CRC_ERROR
512084,-2.55,8.69,-0.40,0.00,-42069
ERROR: STOP_BYTE_ERROR
512177,-0.13,7.48,-0.40,0.00,-9
512206,-3.77,8.69,-0.40,0.00,-42069
512237,-1.34,7.48,-0.40,0.00,-42069
512268,1.09,8.69,-0.40,0.00,-42069
512299,-0.13,8.69,-0.40,0.00,-42069
512329,-0.13,8.69,-0.40,0.00,-42069
512360,-1.34,7.48,-0.40,0.00,-42069
512391,-1.34,7.48,-0.40,0.00,-42069
512421,-1.34,8.69,-0.40,0.02069
ERROR: CRC_ERROR
512513,-3.77,8.69,-0.40,0.00,-42069
ERROR:P_BYTE_ERROR
512605,-1.34,8.69,-0.40,0.00,-42069
512635,-2.55,8.69,-0.40,0.00,-42069
512666,-0.13,7.48,-0.40,0.00,-42069
512697,-0.13,5.06,-0.40,0.00,-42069
512727,-0.13,8.69,-0.40,0.00,-42069
512757,-1.34,7.48,-0.40,0.00,-42069
512788,-0.13,8.69,-0.40,0.00,-42069
512819,-0.13,8.69,-0.40,0.00,-42069
512849,-0.13,7.48,-0.40,0.00,-42069
ERROR: CRC_ERROR
512942,-0.13,8.69,-0.40,0.00,-42069
ERROR: STOP_BYTE_ER
513033,-28.05,6.27,-0.40,0.00,-42069
513063,-26.84,6.27,-0.40,0.00,-42069
513094,-21.98,6.27,-0.40,0.00,-42069
513125,-25.62,6.27,2.30,0.01,-42069
513156,-26.84,6.27,34.65,0.13,-42
513186,-25.62,6.27,40.05,0.15,-42069
513217,-25.62,6.27,44.09,0.16,-42069
513247,-25.62,6.27,38.70,0.14,-42069
ERROR: CRC_ERROR
513339,-0.13,5.06,-0.40,0.00,-42069
ERROR: STOP_BYTE_ERROR
513431,-3.77,8.69,-0.40,0.00,-42069
513462,-0.13,8.69,-0.40,0.00,-42069
513491,-0.13,8.69,-0.40,0.00,-42069
513522,-1.34,7.48,-0.40,0.42069
513553,-0.13,8.69,-0.40,0.00,-42069
513584,-0.13,8.69,-0.40,0.00,-42069
513614,-0.13,7.48,-0.40,0.00,-42069
513645,-2.55,8.6.40,0.00,-42069
513676,-0.13,7.48,-0.40,0.00,-42069
ERROR: CRC_ERROR
513767,-1.34,8.69,-0.40,0.00,-42069
ERROR: STOP_BYTE_ERROR
513859,-0.13,8.69,-0.40,0.00,-42
513890,-0.13,7.48,-0.40,0.00,-42069
513921,-1.34,7.48,-0.40,0.00,-420513951,-0.13,7.48,-0.40,0.00,-42069
513982,-1.34,8.69,-0.40,0.00,-42069
514012,-1.34,8.69,-0.40,0.00,-42069
514042,-1.34,8.69,-0.40,0.00,-4
514073,-1.34,8.69,-0.40,0.00,-42069
514104,-0.13,7.48,-0.40,0.00,-42069
ERROR: CRC_ERROR
514196,-1.34,7.48,-0.40,0.00,-42069
ERROR: STOP_BYTE_ERROR
514287,-1.34,7.48,-0.40,0.00,-42069
514318,-0.13,7.48,-0.40,0.00,-42069
514349,-2.55,8.69,-0.40,0.00,-42069
514379,-1.34,8.69,-0.40,0.00,-42069
514410,-0.13,7.48,-0.40,0.00,-42069
514441,-0.13,7.48,0,0.00,-42069
514471,-0.13,8.69,-0.40,0.00,-42069
514502,-1.34,8.69,-0.40,0.00,-42069
514532,-1.34,8.69,-0.40,0.00,-42069
R: CRC_ERROR
514624,-0.13,7.48,-0.40,0.00,-42069
ERROR: STOP_BYTE_ERROR
514716,-0.13,6.27,-0.40,0.00,-42069
514747,-1.34,7.48,-0.40,0.00,-42069
514777,-1.34,7.48,-0..00,-42069
514807,-1.34,8.69,-0.40,0.00,-42069
514838,-0.13,7.48,-0.40,0.00,-42069
514869,-0.13,7.48,-0.40,0.00,-42069
514899,-3.769,-0.40,0.00,-42069
514930,-0.13,5.06,-0.40,0.00,-42069
514961,-0.13,7.48,-,0.00,-42069
ERROR: CRC_ERROR
515052,-3.77,8.69,-0.40,0.00,-42069
ERROR: STOP_BYRROR
515144,-0.13,8.69,-0.40,0.00,-42069
515175,-1.34,8.69,-0.40,0.00,-42069
515206,-2.55,8.69,-0.40,0.00,-42069
515236,-1.34,7.48,-0.40,0.00,-42069
515267,-0.13,7.48,-0.40,0.00,-42069
515298,-0.13,6.27,-0.40,0.00,-42069
51531.34,8.69,-0.40,0.00,-42069
515358,-3.77,8.69,-0.40,0.00,-42069
515389,-0.13,5.06,-0.40,0.00,-42069
ERROR: CRC_ERROR
515481,-1.34,8.69,-0.40,0.00,-42069
ERROR: STOP_BYTE_ERROR
515572,-0.13,7.48,-0.40,0.00,-420695603,-1.34,7.48,-0.40,0.00,-42069
515634,-3.77,8.69,-0.40,0.00,-42069
515664,-0.13,5.06,-0.40,0.00,-42069
51569.34,8.69,-0.40,0.00,-42069
515726,-0.13,7.48,-0.40,0.00,-42069
515757,-1..48,-0.40,0.00,-42069
515787,-0.13,7.48,-0.40,0.00,-42069
515817,1.09,8.69,-0.40,0.00,-42069
ERROR: CRC_ERROR
515909,-0.13,8.69,-0.40,0.00,-42
ERROR: STOP_BYTE_ERROR
516001,-0.13,8.69,-0.40,0.00,-42069
516032,-3.77,8.69,-0.40,0.00,-42069
516063,-0.13,7.48,-0.40,0.00,-42069
516092,-1.34,7.48,-0.40,0.00,-42069
516123,-1.34,7.48,-0.40,0.00,-42069
516154,-2.55,8.69,-0.40,0.00,-42069
516185,-0.13,7.48,-0.40,0.00,-42069
516215,-29.27,7.48,81.83,0.30,-42069
516246,-28.05,3.6.44,0.28,-42069
ERROR: CRC_ERROR
516337,-26.84,7.48,40.05,0.15,-42069
ERROR: STOP_BYTE_ERROR
516429,-24.41,6.27,25.22,0.09,-42069
516460,-23.20,6.27,26.56,0.10,-42069
516491,-28.05,7.48,15.78,0.06,-42069
516521,-23.20,6.27,10.39,0.04,-42069
516552,-24.41,5.06,5.00,0.02,-42069
516583.20,7.48,-0.40,0.00,-42069
516613,-25.62,7.48,-0.40,0.00,-42069
516643,-24.41,6.27,-0.40,0.00,-42069
ERROR: CRC_ERROR
516736,-21.98,7-0.40,0.00,-42069
ERROR: STOP_BYTE_ERROR
516828,-23.20,5.06,-0.400,-42069
516858,-23.20,6.27,-0.40,0.00,-42069
516888,-23.20,6.27,-0.40,0.00,-42069
516919,-21.98,6.27,-0.40,0.00,-42069
516950,-23.20,5.06,-0.40,0.00,-42069
516980,-23.20,6.27,-0.40,0.00,-9
517011,-23.20,6.27,-0.40,0.00,-42069
517042,-23.20,7.48,-0.40,0.00,-42069
ERROR: CRC_ERROR
517133,-23.20,6.27,2.30,0.01,-42069
ERROR: STOP_BYTE_ERROR
517225,-24.41,7.48,13.08,0.05,-42069
517256,-24.41,7.1.17,0.08,-42069
517286,-23.20,5.06,34.65,0.13,-42069
517317,-28.05,7.48,29.26,0.11,-42069
517348,-23.20,7.48,25.22,0.09,-42069
517379,-23.20,5.06,18.48,0.07,-42069
517408,-19.55,7.48,-0.40,0.00,-42069
517439,-18.34,7.48,-0.40,0.00,-42069
ERROR: CRC_ERROR
517531,-0.13,7.48,-0.40,0.00,-42069
ERROR: STOP_BYTE_ERROR
517623,-0.13,7.48,-0.40,0.00,-42069
517653,-1.34,7.48,-0.40,0.00,-42069
517684,-0.13,9.90,-0.40,0.00,-42069
517714,-0.13,8.69,-0.40,0.00,-42069
517745,-1.34,8.69,-0.40,0.00,-42069
517776,-0.13,8.69,-0.40,0.00,-42069
517807,-1.34,8.69,-0.40,0.00,-42069
517837,-1.34,8.69,-0.40,0.00,-42069
ERROR: CRC_ERROR
517928,3,8.69,-0.40,0.00,-42069
ERROR: STOP_BYTE_ERROR
518021,-2.55,8.6940,0.00,-42069
518051,-0.13,7.48,-0.40,0.002069
518082,-1.34,8.69,-0.40,0.00,-42069
518113,-0.13,8.69,-0.40,0.00,-42
518144,-1.34,7.48,-0.40,0.00,-42069
518174,1.09,8.69,-0.40,0.00,-42069
518204,-1.34,7.48,-0.40,0.00,-42069
518235,-0.13,8.69,-0.40,0.00,-42069
518265,-0.13,8.69,-0.40,0.00,-42069
ERROR: CRC_ERROR
518358,-3.77,8-0.40,0.00,-42069
ERROR: STOP_BYTE_ERROR
518449,-1.34,8.69,-0.40,0.00,-42069
518479,-0.13,7.48,-0.40,0.00,-42069
518510,-1.34,7.48,-0.40,0.00,-42069
518541,-1.34,5.06,-0.40,0.00,-42069
518572,-0.13,8.69,-0.40,0.00,-42069
518602,-1.34,8.69,-0.40,0.00,-42069
518633,-2.569,-0.40,0.00,-42069
518664,-0.13,7.48,-0.40,0.00,-42069
518693,-1.34,8.69,-0.40,0.00,-42069
ERROR: CRC_ERROR
518786,-2.55,8.69,-0.40,0.00,-42069
ERROR: STOP_BYTE_ERROR
518878,-0.13,5.06,-0.40,0.00,-42069
518908,1.09,8.69,-0.40,0.00,-42069
518939,-1.34,8.69,-0.40,0.00,-42069
518969,-0.13,8.69,0,0.00,-42069
519000,-3.77,8.69,-0.40,0.00,-42069
519030,-0.13,7.48,-0.40,0.00,-42069
519061,-0.13,5.06,-0.40,0.00,-42069
519092,-0.13,8.69,-0.40,0.00,-42069
519122,-0.13,8.69,-0.40,0.00,-42069
ERROR: CRC_ERROR
519215,-1.34,7.48,-0.40,0.00,-42069
ERROR: STOP_BYTE_ERROR
519306,-1.34,8.69,-0.40,0.00,-42069
519336,-1.34,7.48,-0.40,0.00,-42069
57,-0.13,7.48,-0.40,0.00,-42069
519398,-1.34,8.69,-0.40,0.00,-42069
519429,-0.13,8.69,0,0.00,-42069
519459,-0.13,8.69,-0.40,0.00,-42069
519489,-1.34,8.69,-0.40,0.00,-4
519520,-0.13,7.48,-0.40,0.00,-42069
519550,-0.13,8.69,-0.40,0.00,-42069
ERROR: CRCOR
519643,-1.34,8.69,-0.40,0.00,-42069
ERROR: STOP_BYTE_ERROR
519735,-1.34,7.48,-0.40,0.00,-42069
519764,-0.13,8.69,-0.40,0.00,-42069
519795,-1.34,8.69,-0.40,0.00,-42069
519826,-2.55,8.69,-0.40,0.00,-42069
519857,-3.77,8.69,-0.40,0.00,-42069
519887,-0.13,5.06,-0.40,0.00,-42069
58,-1.34,9.90,-0.40,0.00,-42069
519949,-0.13,7.48,-0.40,0.00,-42069
519980,-1.34,8.69,-0.40,0.00,-42069
ERROR: CRC_ERROR
520071,-0.13,6.27,-0.40,0.00,-42069
ERROR: STOP_BYTE_ERR520163,-1.34,8.69,-0.40,0.00,-42069
520194,-1.34,8.69,-0.40,0.00,-42069
520224,-0.13,7.48,-0.40,0.00,-42069
520255,-3.77,8.69,-0.40,0.00,-42069
520285,-0.13,5.06,-0.40,0.00,-42069
520315,-0.13,7.48,-0.40,0.00,-42069
520346,-0.13,8.69,-0.40,0.00,-42069
520377,-1.34,8.69,-0.40,0.00,-42069
520408,-1.34,7.48,-0.40,0.00,-42069
ERROR: CRC_ERROR
520500,-2.55,8.0.40,0.00,-42069
ERROR: STOP_BYTE_ERROR
520591,-0.13,7.48,-0.40,0.00,-42069
520622,-2.55,8.69,-0.40,0.00,-42069
520652,-1.34,7.48,-0.40,0.00,-42069
520683,-1.34,8.69,-0.40,0.00,-42069
714,-0.13,8.69,-0.40,0.00,-42069
520744,-0.13,8.69,-0.40,0.00,-42069
520775,-1.34,7.48,-0.40,0.00,-42069
520805,-0.13,7.48,-0.40,0.00,-42069
520836,-3.77,8.69,-0.40,0.00,-42069
ERROR: CRC_ERROR
520928,-1.34,7.48,-0.40,0.00,-42069
ERROR: STOP_BYTE_ERROR
521020,-1.34,7.48,-0.40,0.00,-42069
521050,-2.55,8.69,-0.40,0.00,-420521080,-0.13,5.06,-0.40,0.00,-42069
521111,-0.13,8.69,-0.40,0.00,-42069
521142,-0.13,7.48,-0.40,0.00,-42069
521172,-0.13,7.48,-0.40,0.00,-42069
521203,-1.34,7.48,-0.40,0.00,-42069
521234,-1.34,8.69,-0.40,0.00,-42069
521265,-1.34,8.69,-0.40,0.00,-42069
ERROR: CRC_ERROR
521356,3,5.06,-0.40,0.00,-42069
ERROR: STOP_BYTE_ERROR
521448,-0.13,8.69,-0.40,0.00,69
521479,-1.34,7.48,-0.40,0.00,-42069
521509,-2.55,8.69,-0.40,0.00,-42069
521540,-1.34,5.06,-0.40,0.00,-42069
521570,-0.13,7.48,-0.40,0.00,-42069
521601,-1.34,7.48,-0.40,0.00,-42069
521631,-1.34,7.48,-0.40,0.00,-42069
521662,-3.77,8.69,-0.40,0.00,-42069
521693,-1.34,8.69,-0.40,0.00,-42069
ERROR: CRC_ERROR
521785,-1.34,7.48,-0.40,0.00,-42069
ERROR: STOP_BYTE_ERROR
521876,-0.13,5.06,-0.40,0.00,-42069
521907,1.09,8.69,-0.40,0.00,-42069
521937,-1.34,6.27,-0.40,,-42069
521968,-0.13,7.48,-0.40,0.00,-42069
521999,-1.34,6.27,-0.40,0.00,-42069
52201.34,6.27,-0.40,0.00,-42069
522059,-1.34,8.69,-0.40,0.00,-42069
522090,-0.13,7.48,-0.40,0.00,-42069
522121,-0.13,8.69,-0.40,0.00,-42069
ERROR: CRC_ERROR
522213,-0.13,7.48,-0.40,0.00,-4
ERROR: STOP_BYTE_ERROR
522305,-3.77,8.69,-0.40,0.00,-42069
522335,-0.13,5.06,-0.40,0.00,-42069
522365,-0.13,8.69,-0.40,0.00,-42069
522396,-0.13,8.69,-0.40,0.00,-42069
522427,4,8.69,-0.40,0.00,-42069
522458,-0.13,7.48,-0.40,0.00,-42069
522488,-1.34,8.69,-0.40,0.00,-42069
522519,-1.34,6.27,-0.40,0.00,-42069
522550,-0.13,7.48,-0.40,0.00,-42069
ERROR: CRC_ERROR
522641,-1.34,8.69,-0.40,0.00,-42069
ERROR: STOP_BYTE_ERROR
522733,-1.34,8.69,-0.40,0.00,-42069
522764,-29.27,8.69,76.44,0.28,-42069
522795,-28.05,7.48,69.70,0.25,-42069
522825,-28.05,8.69,60.27,0.22,-42069
522855,-29.27,8.69,61.61,0.22,-42069
522886,-30.48,8.69,53.53,0.20,-42069
522916,-30.48,8.69,4,0.18,-42069
522947,-31.69,7.48,48.13,0.18,-42069
522978,-30.48,8.69,38.70,0.14,-42069
ERROR: CRC_ERROR
523070,-28.05,8.69,13.08,0.05,-42069
ERROR: STOP_BYTE_ERROR
523161,-24.41,8.69,-0.40,0.00,-42069
523192,-21.98,8.69,-0.40,0.00,-42069
523223,-209.90,-0.40,0.00,-42069
523253,-21.98,8.69,-0.40,0.00,-42069
523284,-21.98,8.69,-0.40,0.00,-42069
523315,-17.12,5.06,-0.40,0.00,-42069
523345,-15.91,8.69,-0.40,0.02069
ERROR: CRC_ERROR
523437,-13.48,8.69,-0.40,0.00,-42069
ERROR: STOP_BYTE_ERROR
523529,-12.27,8.69,-0.40,0.00,-42069
523559,-11.05,6.27,-0.40,0.00,-42069
523590,-11.05,5.06,-0.40,0.00,-42069
523621,-11.05,8.69,-0.40,0.00,-42069
523651,-11.05,8.69,-0.40,0.00,-42069
523681,-9.84,7.48,-0.40,0.00,-42069
523712,-9.84,7.48,-0.40,0.00,-42069
523743,-13.48,8.69,-0.40,0.00,-42069
ERROR: CRC_ERROR
523835,-9.84,7.48,-0.400,-42069
ERROR: STOP_BYTE_ERROR
523926,-9.84,8.69,-0.40,0.00,-42069
523957,-9.84,8.69,-0.40,0.00,-42069
523987,-9.84,7.48,-0.40,0.00,-42069
524018,-9.84,7.48,-0.40,0.00,-42069
524049,-11.05,7.48,-0.40,0.00,-42069
524080,-11.05,8.69,-0.40,0.00,-42069
52,-11.05,7.48,-0.40,0.00,-42069
524140,-12.27,8.69,-0.40,0.00,-42069
524171,-12.27,8.69,-0.40,0.00,-42069
ERROR: CRC_ERROR
524263,-11.05,7.48,-0.40,0.00,-42069
ERROR: STOP_BYTE_ERROR
524355,-12.278,-0.40,0.00,-42069
524385,-12.27,7.48,-0.40,0.00,-42069
524416,-11.05,7.48,-0.40,0.00,-42069
524442.27,6.27,-0.40,0.00,-42069
524477,-12.27,7.48,-0.40,0.00,-42069
524508,-13.48,8.69,-0.40,0.00,-42069
528,-13.48,8.69,-0.40,0.00,-42069
524569,-13.48,8.69,-0.40,0.00,-42069
ERROR: CRC_ERROR
524660,-14.70,7.48,-0.40,0.00,-42069
ERROR: STOP_BYTE_ERROR
524752,-15.91,7.48,-0.40,0.00,-42069
524783,-15.91,8.69,-0.40,0.00,-42069
524814,-15.91,7.48,-0.40,0.00,-42069
524845,-17.12,8.69,-0.40,0.00,-42069
524875,-18.34,8.69,-0.40,0.00,-42069
524905,-18.34,7.48,-0.40,0.00,-42069
524936,-15.9.27,-0.40,0.00,-42069
524966,-18.34,8.69,-0.40,0.00,-42069
ERROR: CRC_ERROR
525059,-18.34,8.69,-0.40,0.00,-42069
ERROR: STOP_BYTE_ERROR
525151,-17.12,7.48,-0.40,,-42069
525180,-15.91,8.69,-0..00,-42069
525211,-15.91,7.48,-0.40,0.02069
525242,-15.91,8.69,-0.40,0.00,-42069
525273,-15.91,5.06,-0.40,0.00,-42069
525303,-15.91,7.48,-0.40,0.00,-42069
525334,-15.91,8.69,-0.40,0.00,-42069
ERROR: CRC_ERROR
525425,-1,5.06,-0.40,0.00,-42069
ERROR: STOP_BYTE_ERROR
525517,-14.70,8.69,-0.40,0.00,-42069
548,-15.91,7.48,-0.40,0.00,-42069
525579,-15.918,-0.40,0.00,-42069
525609,-18.34,8.69,-0.40,0.00,-42069
525640,-14.70,3.85,-0.40,0.00,-42069
525671,-14.70,7.48,-0.40,0.00,-42069
525701,-15.91,8.69,-0.40,0.00,-42069
525731,-15.91,7.48,-0.40,0.00,-42069
ERROR: CRC_ERROR
525824,-17.12,7.48,-0.40,0.00,-42069
ERROR: STOP_BYTE_ERROR
525916,-17.12,7.48,-0.40,0.00,-42069
525945,-17.12,7.48,-0.40,0.00,-42069
525976,-17.12,7-0.40,0.00,-42069
526007,-18.34,7.48,-0.40,0.00,-42069
526038,-18.34,7.48,-0.40,0.00,-42069
526068,-19.55,7.48,-0.40,0.00,-42069
526099,-19.55,8.69,-0.40,0.00,-42069
526130,-19.55,3.85,-0.40,0.00,-42069
ERROR: CRC_ERROR
526221,-24.41,8.69,-0.40,,-42069
ERROR: STOP_BYTE_ERROR
526313,-24.41,8.69,-0.40,0.00,-42069
526344,-23.20,7.48,-0.40,0.00,-42069
526374,-24.41,8.69,-0.40,0.00,-42069
526405,-25.62,8.6940,0.00,-42069
526436,-28.05,8.69,-0.40,0.00,-42069
526466,-29.27,8.69,-00.00,-42069
526496,-26.84,5.06,-0.40,0.00,-42069
526527,-28.05,8.69,-0.40,0.00,-42069
ERROR: CRC_ERROR
526619,-26.84,8.69,-0.40,0.00,-42069
ERROR: STOP__ERROR
526710,-26.84,7.48,-0.40,0.00,-42069
526741,-25.62,8.69,-0.40,0.00,-42069
526772,-25.62,7.48,-0.40,0.00,-42069
526802,-25.62,7.48,-0.40,0.00,-42069
526833,-28.05,8.69,-0.40,0.00,-42069
526864,-24.41,5.06,-0.40,0.00,-42069
526895,-24.41,8.69,-0.40,0.00,-42069
526925,-25.62,8.69,-0.40,0.00,-42069
ERROR: CRC_ERROR
527016,-25.62,8.69,-0.40,0.00069
ERROR: STOP_BYTE_ERROR
527109,-24.41,6.27,-0.40,0.00,-42069
527139,-24.41,7.48,-0.400,-42069
527170,-25.62,8.69,-0.40,0.00,-42069
527201,-28.05,8.69,-0.40,0.00,-42069
527230,-25.62,3.85,-0.40,0.00,-42069
521,-24.41,7.48,-0.40,0.00,-42069
527292,-24.41,7.48,-0.40,0.00,-42069
ERROR: CRC_ERROR7384,-24.41,7.48,-0.40,0.00,-42069
ERROR: STOP_BYTE_ERROR
527475,-24.41,6.27,-0.40,0.00,-42069
527506,-24.41,6.27,-0.40,0.00,-42069
527537,-28.05,8.69,-0.40,0.00,-42069
527567,-26.84,7.48,-0.40,0.00,-42069
527598,-25.62,8.69,-0.40,0.00,-42069
527629,-28.05,7.48,13.08,0.05,-42069
527660,-30.48,7.48,37.35,0.14,-42069
527690,-32.91,8.69,75.09,0.27,-42069
ERROR: CRC_ERROR
527781,-37.76,8.69,188.33,0.68,-42069
ERROR: STOP__ERROR
527874,-37.76,8.69,292.13,1.06,-42069
527904,-37.76,8.69,306.96,1.11,-42069
527935,-36.55,9.90,317.74,1.15,-42069
527966,-36.55,9.90,332.57,1.21,-42069
527995,-36.55,8.69,335.27,1.22,-42069
528026,-36.55,8.69,343.36,1.25,-42069
528057,-35.34,6.27,342.01,1.24,-42069
ERROR: CRC_ERROR
528149,-36.55,8.69,348.75,1.27,-42069
E: STOP_BYTE_ERROR
528241,-36.55,8.69,370.32,1.34,-42069
528271,-38.98,8.69,363.58,1.32,-42069
528302,-36.55,7.48,355.49,1.29,-42069
528332,-36.55,8.69,344.70,1.25,-42069
528363,-35.34,7.48.92,1.21,-42069
528394,-34.12,7.48,329.87,1.20,-42069
528424,-32.91,6.27,325..18,-42069
ERROR: CRC_ERROR
528517,-32.91,7.48,305.61,1.11,-42069
ERROR: STOTE_ERROR
528608,-24.41,6.27,286.74,1.04,-42069
528638,-23.20,6.27,278.65,1.01,-42069
528669,-21.98,5.06,265.17,0.96,-42069
528700,-21.98,6.27,255.73,0.93,-42069
528731,-19.55,7.48,247.64,0.90,-42069
528761,-20.77,6.27,240.90,0.87,-42069
528791,-18.34,6.27,227.42,0.83,-42069
ERROR: CRC_ERROR
528883,-19.55,6.27,199.11,0.72,-42069
ERROR: STOP_BYTE_ERROR
528975,-13.48,2.64,188.33,0.68,-42069
529006,-13.48,6.27,184.29,0.67,-42069
529037,-13.48,7.48,184.29,0.67,-42069
529068,-13.48,7.48,182.94,0.66,-42069
529097,-13.48,3.85,186.98,0.68,-42069
529128,-13.48,6.27,181.59,0.66,-42069
529159,-12.27,7.48,182.94,0.66,-42069
ERROR: CRC_ERROR
529251,-13.48,7.48,177.55,0.65,-42069
ERROR: STOP_BYTE_ERROR
529342,-13.48,6.27,172.15,0.63,-42
529373,-12.27,6.27,172.15,0.63,-42069
529403,-13.48,2.64,174.85,0.64,-42069
529434,-13.48,7.48,169.46,0-42069
529465,-13.48,7.48,160.02,0.58,-42069
529496,-13.48,7.48,155.98,0.57,-42069
529526,-1,6.27,157.33,0.57,-42069
ERROR: CRC_ERROR
529617,-14.70,6.27,153.28,0.56,-42069
ERROR: STOP_BYTE_ERROR
529710,-17.12,6.27,162.72,0.59,-42069
529740,-17.12,6.27,153.28,0.56,-42069
529771,-18.34,6.27,153.28,0.56,-42069
529802,-19.55,7.48,155.98,0.57,-42069
529832,-20.77,7.48,17,0.59,-42069
529863,-20.77,5.06,169.46,0.62,-42069
529893,-21.98,6.27,173.50,0.63,-42069
ERROR: CRC_ERROR
529985,-26.84,7.48,200.46,0.73,-42069
ERROR: STOP_BYTE_ERROR
530077,-24.41,6.27,231.47,0.84,-42069
530108,-26.84,7.48,232.82,0.85,-42069
530139,-26.84,7.48,244.95,0.89,-42069
530168,-25.62,6.27,253.04,0.92,-42069
530199,-25.62,7.48,253.04,0.92,-42069
530230,-26.84,7.48,257.08,0.93,-42069
530260,-267.48,269.21,0.98,-42069
ERROR: CRC_ERROR
530353,-26.84,7.48,300.22,1.09,-42069
E: STOP_BYTE_ERROR
530444,-29.27,7.48,302.91,1.10,-42069
530475,-31.69,7.48,293.48,1.07,-42069
530505,-29.27,6.27,292.13,1.06,-42069
530536,-30.48,7.48,293.48,1.07,-42069
530567,-31.69,7.48,305.61,1.11,-42069
530597,-30.48,7.48,304.26,1.10,-42069
628,-30.48,3.85,300.22,1.09,-42069
ERROR: CRC_ERROR
530719,-25.62,7.48,275.95,1.00,-42069
ERROR: STOP_BYTE_ERROR
530811,-26.84,7.48,313.70,1.14,-42069
530842,-28.05,7.48,336.62,1.22,-42069
530873,-28.05,7.48,335.27,1.22,-42069
530904,-26.84,7.48,335.27,1.22,-42069
530934,-28.05,8.69,328.53,1.19,-42069
530964,-28.05,8.69,323.13,1.17,-42069
530995,-29.27,7.48,320.44,1.16,-42069
ERROR: CRC_ERROR
531087,-30.48,6.27,297.52,1.08,-42069
ERROR: STOP_BYTE_R
531179,-30.48,7.48,302.91,1.10,-42069
531210,-29.27,7.48,305.61,1.11,-42069
531239,-29.27,7.48,298.87,1.09,-42069
531270,-31.69,7.48,297.52,1.08,-42069
531301,-30.48,5.06,290.78,1.06,-42069
531332,-30.48,7.48,273.26,0.99,-42069
ERROR: CRC_ERROR
531424,-29.27,6.27,253.04,0.92,-42069
ERROR: STOP_BYTE_ERROR
531515,-28.05,5.06,22,0.82,-42069
531546,-26.84,6.27,2150.78,-42069
531576,-29.27,7.48,196.42,0.71,-42069
531607,-24.41,2.64,185.63,0.67,-42069
531638,-24.41,2.64,174.85,0.64,-42069
531668,-21.98,6.27,162.72,0.59,-42069
531699,-21.98,7.48,158.67,0.58,-42069
ERROR: CRC_ERROR
531790,-19.55,5.06,180.24,0.65069
ERROR: STOP_BYTE_ERROR
531883,-20.77,6.27,220.68,0.80,-42069
531913,-19.55,7.48,228.77,,-42069
531944,-19.55,7.48,232.82,0.85,-42069
531975,-20.77,7.48,215.29,0.78,-42069
532005,-20.77,7.48,208.55,0.76,-42069
532035,-19.55,6.27,199.11,0.72,-42069
532066,-19.55,7.48,184.29,0.67,-42069
ERROR: CRC_ERROR
532158,-18.34,7.48,142.50,0.52,-42
ERROR: STOP_BYTE_ERROR
532250,-18.34,7.48,150.58,0.55,-42069
532281,-17.12,6.27,150.58,0.55,-42069
532311,-18.34,6.27,142.50,0.52,-42069
532341,-18.34,7.48,120.93,0.44,-42069
532372,-18.34,5.06,111.49,0.41,-42069
532403,-18.34,7.48,110.14,0.42069
532433,-17.12,7.48,104.75,0.38,-42069
ERROR: CRC_ERROR
532526,-17.12,7.48,98.01,0.36,-42069
ERROR: STOP_BYTE_ERROR
532617,-17.12,8.69,77.79,0.28,-42069
532647,-15.91,7.48,64.31,0.23,-42069
532678,-17.12,7.48,64.31,0.23,-42069
532709,-15.91,7.48,61.61,0.22,-42069
532740,-15.91,7.48,58.92,0.22,-42069
532770,-14.70,7.48,62.96,0.23,-42069
532801,-15.91,7.48,7,0.28,-42069
532832,-18.34,8.69,87.23,0.32,-42069
ERROR: CRC_ERROR
532923,-18.34,7.48,142.50,0.52,-42069
ERROR: STOP_BYTE_ERROR
533015,-18.34,7.48,173.503,-42069
533046,-21.98,7.48,172.153,-42069
533076,-17.12,6.27,165.41,0.60,-42069
533107,-17.12,7.48,154.63,0.56,-42069
137,-17.12,6.27,147.89,0.54,-42069
533168,-17.12,7.48,135.76,0.49,-42069
533198,-17.12,6.27,130.36,0.47,-42069
ERROR: CRC_ERROR
533291,-15.91,7.48,75.09,0.27,-42069
ERRSTOP_BYTE_ERROR
533383,-17.12,6.27,18.48,0.07,-42069
533412,-18.34,8.69,-0.40,0.00,-42069
533443,-18.34,7.48,-0.40,0.00,-42069
533474,-18.34,7.48,-0.40,0.00,-42069
533505,-18.34,7.48,13.08,0.05,-42069
533535,-17.12,7.48,30.61,0.11,-42069
533566,-15.91,7.48,37.35,0.14,-42069
ERROR: CRC_ERROR
533658,-138.69,-0.40,0.00,-42069
ERROR: STOP_BYTE_ERROR
533749,-12.27,6.27,-0.40,0.00,-42069
533780,-13.48,6.27,-0.40,0.00,-42069
533811,-13.48,7.48,-0.40,0.00,-42069
533841,-13.48,3.85,-0.40,0.00,-42069
533872,-14.70,6.27,-0.40,0.00,-42069
533903,-13.48,6.27,-0.40,0.00,-42069
533933,-14.70,6.27,-0.40,0.00,-42069
533963,-14.70,5.06,-0.40,0.00,-42069
ERROR: CRC_ERROR
534055,-18.34,5.06,-0.40,0.00,-42069
ERROR: STOP_BYTE_ERROR
534148,-20.77,5.06,-0.40,0.00,-42069
534178,-19.55,6.27,-0.40,0.00,-42069
534208,-19.55,7.48,-0.40,0.00,-42069
534239,-19.55,3.85,-0.40,0.00,-42069
534269,-20.77,7.48,-0.40,0.00,-42069
534300,-21.98,3.85,-0.40,0.00,-42069
534331,-23.20,8.69,-0.40,0.00,-42069
534362,-25.62,7.48,-0.40,0.00,-42069
ERROR: CRC_ERROR
534453,-25.62,7.48,-0.40,0.00,69
ERROR: STOP_BYTE_ERROR
534545,-26.84,6.27,42.74,0.16,-42069
534576,-26.84,7.48,69.70,0.25,-42069
534606,-31.69,9.90,89.92,0.33,-42069
534637,-25.62,5.06,118.23,0.43,-420634668,-26.84,8.69,134.41,0.49,-42069
534699,-24.41,8.69,149.24,0.54,-42069
534728,-25.62,7.48,161.37,0.59,-42069
534759,-24.41,8.69,150.58,0.55,-42069
ERROR: CRC_ERROR
534851,-21.98,5.06,195.07,0.71,-42069
ERROR: STOP_BYTE_ERROR
534943,-21.98,6.27,204.51,0.74,-42069
534973,-20.77,8.69,204.51,0.74,-42069
535004,-23.20,8.69,212.59,0.77,-42069
535034,-19.55,7.48,205.85,0.75,-42069
535065,-19.55,8.69,219.34,0.80,-42069
535096,-21.98,8.69,216.64,0.79,-42069
ERROR: CRC_ERROR
535188,-19.55,8.69,220.68,0.80,-42069
ERROR: STOP_BYTE_ERROR
535279,-20.77,8.69,219.34,0.80,-42069
535310,-19.55,8.69,224.73,0.82,-42069
535341,-18.34,7.48,244.95,0.89,-42069
535371,-17.12,8.69,266.52,0.97,-42069
535402,-17.12,8.69,271.91,0.99,-42069
535433,-17.12,7.48,258.43,0.94,-42069
535463,-17.12,9.90,247.64,0.90,-42069
ERROR: CRC_ERROR
535555,-18.34,8.69,370.32,1.34,-42069
ERROR: STOP_BYTE_ERROR
535647,-18.34,8.69,347.40,1.26,-42069
535677,-18.34,8.69,300.22,1.09,-42069
535708,-20.77,8.69,261.12,0.95,-42069
535739,-19.55,8.69,234.16,0.85,-42069
535770,-19.55,7.48,231.47,0.84,-42069
535799,-19.55,9.90,230.12,0.84,-42069
535830,-19.55,8.69,242.25,0.88,-42069
ERROR: CRC_ERROR
535922,-23.20,9.90,309.65,1.12,-42069
ERROR: STOP_BYTE_ERROR
536014,-23.20,8.69,359.53,1.30,-42069
536045,-23.20,8.69,358.18,1.30,-42069
536075,-21.98,7.48,355.49,1.29,-42069
536105.20,9.90,340.66,1.24,-42069
536136,-21.98,8.69,325.83,1.18,-42069
536167,-21.98,8.69,309.65,1.12,-42069
536198,-20.77,6.27,296.17,1.08,-42069
ERROR: CRC_ERROR
536290,-23.20,7.48,220.68,0.80,-42069
ERROR: STOP_BYTE_ERROR
536381,-25.62,7.48,142.50,0.52,-42069
536412,-25.62,6.27,126.32,0.46,-42069
536442,-26.84,7.48,114.19,0.42,-42069
536473,-28.05,7.48,98.01,0.36,-42069
536504,-28.05,6.27,84.53,0.31,-42069
536535,-28.05,6.27,79.14,0.29,-42069
536565,-26.84,6.27,72.40,0.26,-42069
ERRORRC_ERROR
536656,-24.41,6.27,79.14,0.29,-42069
ERROR: STOP_BYTE_ERROR
536749,-21.98,6.27,87.23,0.32,-42069
536779,-2,6.27,98.01,0.36,-42069
536810,-20.77,7.48,112.84,0.41,-42069
536841,-18.34,6.27,1180.43,-42069
536870,-18.34,2.64,126.32,0.46,-42069
536901,-18.34,3.85,131.71,0.48,-42069
536932,-19.55,6.27,133.06,0.48,-42069
536963,-21.98,7.48,134.41,0.49,-42069
ERROR: CRC_ERROR
537055,-21.98,7.48,130.36,0.47,-42069
ERROR: STOP_BYTE_ERROR
537146,-18.34,6.27,133.06,0.48069
537177,-17.12,7.48,138.45,0.50,-42069
537207,-18.34,7.48,141.15,0.51,-42069
537238,-18.34,7.48,147.89,0.54,-42069
537269,-17.12,7.48,138.45,0.50,-42069
537299,-17.12,7.48,127.646,-42069
537330,-21.98,7.48,116.88,0.43,-42069
ERROR: CRC_ERROR
537421,-18.34,7.48,102.06,0.37,-42069
ERROR: STOP_BYTE_ERROR
537513,-18.34,6.27,92.62,0.34,-42069
537544,-17.12,3.85,88.57,0.32,-42069
537575,-18.34,6.27,81.83,0.30,-42069
537606,-18.34,6.27,72.40,0.26,-42069
537636,-19.55,7.48,64.31,0.23,-42069
537667,-17.12,6.27,56.22,0.21,-42069
537697,-18.34,7.48,34.65,0.13,-42069
ERROR: CRC_ERROR
537789,-17.12,2.64,-0.40,0.00,-42069
ERROR: STOP_BYTE_ERROR
537881,-17.12,7.48,-0.40,0.00,-42069
537912,-1,3.85,-0.40,0.00,-42069
537942,-20.77,7.48,-0.40,0.00,-42069
537972,-18.34,6.27,-0.40,0.00,-42069
538003,-19.55,5.06,-0.40,0.00,-42069
538034,-17.12,5.06,-0.40,0.00,-42069
538020.77,6.27,-0.40,0.00,-42069
538095,-20.77,2.64,-0.40,0.00,-42069
ERROR: CRC_ERRO38187,-23.20,8.69,-0.40,0.00,-42069
ERROR: STOP_BYTE_ERROR
538278,-26.84,,-0.40,0.00,-42069
538309,-28.05,9.90,-0.40,0.00,-42069
538340,-28.05,8.69,-0.40,0.00,-42069
538371,-298.69,-0.40,0.00,-42069
538401,-29.27,8.69,-0.40,0.00,-42069
538432,-28.05,8.69,-0.40,0.00,-42069
538462,-29.27,9.90,-0.40,0.00,-42069
538492,-28.05,5.06,-0.40,0.00,-42069
ERROR: CRC_ERROR
538585,-25.62,8.69,-0.40,0.00,-42069
ERROR: STOP_BYTE_ERROR
538677,-25.62,8.69,-0.40,0.00,-42069
538706,-26.84,8.69,-0.40,0.00,-42069
538737,-25.62,8.69,-0.40,0.00,-42069
538768,-2,8.69,-0.40,0.00,-42069
538799,-26.84,8.69,0.95,0.00,-42069
538829,-25.62,7.48,60.02,-42069
538860,-26.84,7.48,13.08,0.05,-42069
ERROR: CRC_ERROR
538952,-28.05,7.48,10.39,0.04,-42069
ERROR: STOP_BYTROR
539043,-23.20,7.48,-0.40,0.00,-42069
539074,-26.84,7.48,-0.40,0.00,-42069
539105,-24.41,6.27,0.95,0.00,-42069
539136,-24.41,7.48,-0.40,0.00,-42069
539166,-28.05,8.69,-0.40,0.00,-42069
539197,-23.20,6.27,-0.40,0.00,-42069
539227,-28.05,7.48,-0.40,0.00,-42069
539257,-24.41,6.27,6.34,0.02,-42069
539288,-25.62,5.06,29.26,0.11,-42069
ERROR: CRC_ERROR
539380,-25.62,7.48,9.04,0.03,-42069
ERROR: STOP_BYTE_ERROR
539472,-23.20,7.48,36.00,0.13,-42069
539503,-21.98,7.48,49.48,0.18,-42069
539533,-25.62,7.48,53.53,0.20,-42069
539564,-21.98,7.48,61.61,0.22,-42069
539594,-23.20,3.85,79.14,0.29,-42069
539625,-23.20,6.27,88.57,0.32,-42069
539656,-24.41,6.27,95.31,0.35,-42069
539686,-23.20,6.27,104.75,0.38,-42069
ERROR: CRC_ERROR
539778,-24.41,7.48,111.49,0.41,-42069
ERROR: STOP_BYTE_ERROR
539870,-25.62,7.48,96.66,0.35,-42069
539900,-26.84,6.27,100.71,0.37,-42069
539931,-28.05,8.69,122.28,0.44,-42069
539962,-25.62,7.48,75,0.38,-42069
539993,-24.41,8.69,93.97,0.34,-42069
540023,-23.20,7.48,79.14,0.29,-42069
053,-23.20,6.27,62.96,0.23,-42069
ERROR: CRC_ERROR
540145,-21.98,3.85,13.08,0.05,-42069
ERROR: STOP_BYTE_ERROR
540237,-18.34,7.48,-0.40,0.00,-42069
540268,-19.55,7.48,-0.40,0.00,-42069
540299,-18.34,7.48,-0.40,0.00,-42069
540328,-19.55,6.27,-0.40,0.00,-42069
540359,-18.34,7.48,-0.40,0.00,-42069
540390,-19.55,6.27,-0.40,0.00,-42069
540421,-19.55,7.48,-0.40,0.00,-420640451,-19.55,6.27,-0.40,0.00,-42069
ERROR: CRC_ERROR
540544,-18.34,6.27,-0.40,0.00,-42069
ERROR: STOP_BYTE_ERROR
540635,-19.55,7.48,-0.40,0.00,-42069
540665,-21.98,7.48,-0.40,0.00,-42069
540696,-21.98,7.48,-0.40,0.00,-42069
540727,-19.55,7.48,-0.40,0.00,-42069
540758,-19.55,7.48,-0.40,0.00,-42069
540788,-20.77,7.48,-0.400,-42069
540818,-20.77,6.27,-0.40,0.00,-42069
ERROR: CRC_ERROR
540910,-20.77,7.48,-0.40,0.00,-42069
ERROR: STOP_BYTE_ERROR
541002,-18.34,6.27,-0.40,0.00,-42069
541033,-20.77,7.48,-0.40,0.00,-42069
541063,-17.12,7.48,-0.40,0.00,-42069
541093,-19.55,7.48,-0.40,0.00,-42069
541124,-15.91,7.48,-0.40,0.00,-42069
541155,-1,7.48,-0.40,0.00,-42069
541186,-15.91,6.27,-0.40,0.00,-42069
541216,-14.70,7.48,-0.40,0.00,-42069
ERROR: CRC_ERROR
541307,-14.70,7.48,-0.40,0.00,-42069
ERROR: STOP_BYTE_ERROR
541400,-15.91,3.85,-0.40,0.00,-42069
541430,-15.91,7.48,-0.40,0.00,-42069
541461,-15.91,7.48,-0.40,0.00,-42069
541492,-15.91,6.27,-0.400,-42069
541522,-15.91,7.48,-0.40,0.00,-42069
541553,-15.91,7.48,-0.40,0.00,-42069
541583,-15.91,7.48,-0.40,0.00,-42069
541614,-18.34,7.48,-0.40,0.00,-42069
ERROR: CRC_ERROR
541706,-14.70,6.27,-0.40,0.00,-42069
ERROR: STOP_BYTE_ERROR
541798,-15.91,7.48,-0.40,0.00,-42069
541829,-14.70,8.69,-0.40,0.00,-42069
541858,-15.91,8.69,-0.40,0.00,-42069
541889,-187.48,-0.40,0.00,-42069
541920,-18.34,8.69,-0.40,0.00,-42069
541950,-17.12,7.48,-0.40,0.00,-42069
541981,-15.91,6.27,-0.40,0.00,-42069
542012,-15.91,7.48,-0.40,0.00,-42069
ERROR: CRC_ERROR
542103,-18..48,-0.40,0.00,-42069
ERROR: STOP_BYTE_ERROR
542195,-18.34,7.48,-0.40,0.00,-42069
542226,-19.55,7.48,-0.40,0.00,-42069
542257,-20.77,7.48,-0.40,0.00,-42069
542287,-20.77,7.48,-0.40,0.00,-42069
542318,-20.77,7.48,-0.40,0.00,-42069
542348,-19.55,6.27,-0.40,0.00,-42069
542379,-19.55,7.48,-0.40,0.00,-42069
542409,-19.55,7.48,-0.40,0.00,-42069
ERROR: CRC_ERRO42501,-19.55,6.27,-0.40,0.00,-42069
ERROR: STOP_BYTE_ERROR
542594,-18.34,8.69,-0.40,0.00,-42069
542623,-19.55,7.48,-0.40,0.00,-42069
542654,-15.91,3.85,-0.40,0.00,-42069
542685,-17.12,7.48,-0.40,0.00,-42069
542715,-18.34,5.06,-0.40,0.00,-42069
542746,-18.34,7.48,-0.40,0.00,-42069
542777,-20.77,7.48,-0.40,0.00,-42069
ERROR: CRC_ERROR
542868,-19.55,7.48,-0.40,0.00,-42069
ERROR: STOP_BYTE_ERROR
542960,-17.12,7.48,-0.40,0.00,-42069
542991,-15.91,8.69,-0.40,0.00,-42069
543022,-14.70,7.48,-0.40,0.00,-42069
543052,-15.91,7.48,-0.40,0.00,-42069
543083,-14.70,7.48,-0.40,0.00,-42069
543113,-13.48,7.48,-0.40,0.00,-42069
143,-15.91,7.48,-0.40,0.00,-42069
543174,-14.70,7.48,-0.40,0.00,-42069
ERROR: CRC_ERROR
543266,-15.91,3.85,-0.40,0.00,-42069
ERROR: STOP_BYTE_ERROR
543358,-18.34,7.48,-0.40,0.00,-42069
543388,-18.34,7.48,-0.40,0.00,-42069
543419,-20.77,7.48,-0.40,0.00,-9
543450,-18.34,3.85,-0.40,0.00,-42069
543480,-17.12,7.48,-0.40,0.00,-42069
543511,-18.34,7.48,-0.40,0.00,-42069
543542,-18.34,7.48,-0.40,0.00,-42069
543572,-18.34,7.48,-0.40,0.00,-42069
ERROR: CRC_ERROR
543664,-18.34,7.48,-0.40,0.00,-42069
ERROR: _BYTE_ERROR
543756,-17.12,7.48,-0.40,0.00,-42069
543787,-17.12,8.69,-0.400,-42069
543817,-17.12,6.27,-0.40,0.00,-42069
543848,-20.77,7.48,-0.40,0.00,-42069
543878,-17.12,7.48,-0.40,0.00,-42069
543908,-15.91,7.48,-0.40,0.00,-42069
543939,-18.34,7.48,-0.40,0.00,-42069
543970,-15.91,7.48,-0.40,0.00,-42069
ERROR: CRC_ERROR
544062,-17.12,7.48,-0.40,0.00,-42069
ERROR: STOP_BYTE_ERROR
544153,-18.34,8.69,-0.40,0.00,-42069
544184,-18.34,7.48,-0.40,0.00,-42069
544215,-18.34,7.48,-0.40,0.00,-42069
544245,-18.34,7.48,-0.40,0.00,-42069
544276,-19.55,6.27,0.95,0.00,-42069
544307,-19.55,7.48,-0.40,0.00,-42069
544337,-19.55,7.48,-0.40,0.00,-42069
544368,-20.77,7.48,-0.40,0.00,-42069
ERROR: CRC_ERROR
544459,-21.98,7.48,-0.40,0.00,-42069
ERROR: STOP_BYTE_ERROR
544551,-21.98,7.48,-0.40,0.00,-42069
544582,-21.98,8.69,-0.40,0.00,-42069
544613,-19.55,7.48,-0.40,0.00,-9
544643,-19.55,7.48,-0.40,0.00,-42069
544673,-17.12,8.69,-0.40,0.00,-42069
544704,-17.12,3.85,-0.40,0.00,-42069
544735,-17.12,8.69,-0.40,0.00,-42069
544765,-17.12,7.48,-0.40,0.00,-42069
ERROR: CRC_ERROR
544858,-19.55,7.48,-0.40,0.00,-42069
ERROR: STOP_BYTE_ERROR
544949,-19.55,8.69,-0.40,0.00,-42069
544979,-18.34,8.69,-0.40,0.00,-42069
545010,-18.34,7.48,-0.40,0.00,-42069
545041,-19.55,7.48,-0.40,0.00,69
545072,-18.34,7.48,-0.40,0.00,-42069
545102,-17.12,7.48,-0.40,0.00,-42069
545133,-18.34,8.69,-0.40,0.00,-42069
ERROR: CRC_ERROR
545224,-15.91,6.27,-0.40,0-42069
ERROR: STOP_BYTE_ERROR
ERROR: PAYLOAD_ERROR
545347,-15.91,3.85,-0.40,0.00,-42069
545378,-17.12,7.48,-0.40,0.00,-42069
545408,-17.12,5.06,-0.40,0.00,-42069
545438,-15.91,7.48,-0.40,0.00,-42069
54,-17.12,7.48,-0.40,0.00,-42069
545500,-15.91,8.69,-0.40,0.00,-42069
545530,-15.918,-0.40,0.00,-42069
545561,-17.12,7.48,-0.40,0.00,-42069
545592,-17.12,8.69,-0.40,0.00,-42069
ERROR: CRC_ERROR
683,-18.34,6.27,-0.40,0.00,-42069
ERROR: STOP_BYTE_ERROR
545775,-19.55,8.69,-0.40,0.00,-42069
545806,-19.55,8.69,-0.40,0.00,-42069
545837,-18.34,7.48,-0.40,0.00,-42069
545867,-19.55,7.48,-0.40,0.00,-42069
545898,-19.55,7.48,-0.40,0.00,-42069
545928,-19.55,8.69,-0.40,0.00,-42069
545958,-19.55,7.48,-0.400,-42069
545989,-20.77,8.69,-0.40,0.00,-42069
ERROR: CRC_ERROR
546081,-19.55,7.48,-0.40,0.00,-42069
ERROR: STOP_BYTE_ERROR
546172,-18.34,5.06,-0.40,0.00,-42069
546203,-18.369,-0.40,0.00,-42069
546234,-18.34,3.85,-0.40,0.00,-42069
546265,-17.12,7.48,-0.40,0.00,-42069
546295,-19.55,6.27,-0.40,0.00,-42069
546326,-17.12,8.69,-0.40,0.00,-42069
546357,-18.34,8.69,-0.40,0.00,-42069
546387,-17.12,7.48,-0.40,0.00,-42069
ERROR: CRC_ERROR
546-17.12,7.48,-0.40,0.00,-42069
ERROR: STOP_BYTE_ERROR
546571,-18.34,8.69,-0.40,0.02069
546601,-15.91,7.48,-0.40,0.00,-42069
546632,-15.91,6.27,-0.40,0.00,-42069
546663,-14.70,7.48,-0.40,0.00,-42069
546693,-14.70,7.48,-0.40,0.00,-42069
546723,-17.12,7.48,-0.40,0.00,-42069
546754,-13.48,7.48,-0.40,0.00,-42
546785,-14.70,8.69,-0.40,0.00,-42069
ERROR: CRC_ERROR
546877,-15.91,7.48,-00.00,-42069
ERROR: STOP_BYTE_ERROR
546968,-15.91,7.48,-0.40,0.00,-42069
546999,-18.34,8.0.40,0.00,-42069
547030,-15.91,7.48,-0.40,0.00,-42069
547060,-15.91,7.48,-0.40,0.00,-42069
547091,-14.70,7.48,-0.400,-42069
547122,-17.12,8.69,-0.40,0.00,-42069
547152,-15.91,7.48,-0.40,0.00,-42069
ERROR: CRC_ERROR
547244,-18.34,7.48,-0.40,0.00,-42069
ERROR: STOP_BYTE_ERROR
547336,-18.34,7.48,-0.40,0.00,-42069
547366,-19.55,7.48,-0.40,0.00,-42069
547397,-17.12,7.48,-0.40,0.00,-42069
547428,-18.34,7.48,-0.40,0.00,-42069
547458,-17.12,7.48,2.30,0.01,-420
547488,-18.34,5.06,6.34,0.02,-42069
547519,-17.12,7.48,7.69,0.03,-42069
547550,-17.12,7.48,5.00,0.02,-42069
ERROR: CRC_ERROR
547642,-19.55,7.48,14.43,0.05,-42069
ERROR: STOP_BYTE_ERROR
547733,-18.34,7.48,22.52,0.08,-42069
547764,-18.34,5.06,17.13,0.06,-42069
547794,-19.55,7.48,13.08,0.05,-42069
547825.12,7.48,6.34,0.02,-42069
547856,-15.91,3.85,11.74,0.04,-42069
547887,-17.12,6.27,2.30,0.01,-42069
547917,-17.12,7.48,0.95,0.00,-42069
547948,-19.55,7.48,-0.40,0.00,-42069
547979,-20.77,7.48,-0.40,0.00,-42069
ERROR: CRC_ERROR
548070,-18.34,8.69,26.56,0.10,-42069
ERROR: STOP_BYTE_ERROR
548162,-20.77,7.48,49.48,0.18,-42069
548193,-18.34,7.48,52.18,0.19,-42069
548224,-19.55,7.48,56.22,0.21,-42069
548254,-19.55,8.69,53.53,0.20,-42069
548284,-19.55,7.48,53.53,0.20,-42069
548315,-20.77,8.69,64.31,0.23,-42069
548345,-19.55,6.27,73.75,0.27,-42069
548376,-21.98,8.69,75.09,0-42069
ERROR: CRC_ERROR
548468,-18.34,8.69,98.01,0.36,-42069
ERROR: STOTE_ERROR
548559,-15.91,8.69,122.28,0.44,-42069
548590,-14.70,9.90,139.80,0.51,-42069
548621,-15.91,9.90,146.54,0.53,-42069
548652,-15.91,8.69,157.33,0.57,69
548682,-17.12,9.90,165.41,0.60,-42069
548713,-12.27,6.27,165.41,0.60,-42069
548744,-12.27,8.69,147.89,0.54,-42069
ERROR: CRC_ERROR
548835,-12.27,6.27,46.79,0.17,-42069
ERROR: STOP_BYTE_ERROR
548927,-12.27,8.69,56.22,0.21,-42069
548958,-14.70,8.69,72.40,0.26,-42069
548988,-13.48,8.69,89.92,0.33,-42069
549019,-13.48,8.69,98.01,0.36,-42069
549050,-13.48,8.69,103.40,0.38,-42069
549081,-13.48,7.48,112.84,0.41,-42069
549110,-15.91,8.69,118.23,0.43,-42069
ERROR: CRC_ERROR
549202,-19.55,9.90,118.23,0.43,-42069
ERROR: STOP_BYTE_ERROR
549295,-19.55,9.90,95.31,0.35,-4
549325,-17.12,7.48,81.83,0.30,-42069
549356,-15.91,8.69,46.79,0.17,-42069
549386,-18.34,8.69,45.44,0.17,-42069
549416,-14.70,6.27,45.44,0-42069
549447,-15.91,8.69,40.05,0.15,-42069
549478,-17.12,6.27,37.35,0.14,-420699509,-17.12,7.48,29.26,0.11,-42069
ERROR: CRC_ERROR
549601,-17.12,7.48,9.04,0.03,-42069
ERROR: STOP_BYTE_ERROR
692,-17.12,7.48,-0.40,0.00,-42069
549723,-18.34,7.48,-0.40,0.00,-42069
549753,-19.55,7.48,-0.40,0.00,-420549784,-19.55,7.48,-0.40,0.00,-42069
549815,-19.55,7.48,-0.40,0.00,-42069
549846,-21.98,7.48,-0.40,0.00,-42069
549876,-19.55,7.48,-0.40,0.00,-42069
549907,-24.41,7.48,-0.40,0.00,-42069
ERROR: CRC_ERROR
549998,-20.77,8.69,60.27,0.22,-42069
ERROR: STOP_BYTE_ERROR
550090,-20.77,7.48,186.98,0.68,-42069
550121,-20.77,7.48,239.56,0.87,-42069
550152,-20.77,8.69,294.83,1.07,-42069
550181,-19.55,8.69,344.70,1.25,-42069
550212,-21.98,8.69,386.49,1.40,-42069
550243,-20.77,8.69,430.98,1.56,-42069
550274,-19.55,8.69,479.51,1.74,-42069
ERROR: CRC_ERROR
550366,-17.12,8.69,548.26,1.99,-42069
ERROR: STOP_BYTE_ERROR
550458,-13.48,8.69,490.29,1.78,-42069
550488,-12.27,8.69,466.03,1.69,-42069
550518,-13.48,8.69,430.98,1.56,-42069
550549,-11.05,8.69,397.28,1.44,-42069
550580,-9.84,3.85,368.97,1.34,-42069
550610,-11.05,7.48,335.27,1.22,-42069
550641,-9.84,8.69,301.57,1.09,-42069
ERROR: CRC_ERROR
550733,-13.48,7.48,209.90,0.76,-42069
ERROR: STOP_BYTE_R
550824,-14.70,6.27,118.23,0.43,-42069
550855,-14.70,6.27,96.66,0.35,-42069
550886,-13.48,5.06,79.14,0.29,-42069
550917,-13.48,6.27,60.27,0.22,-42069
550943.48,6.27,42.74,0.16,-42069
550978,-14.70,6.27,26.56,0.10,-42069
551009,-12.27,5.06,2.30,0.01,-42069
ERROR: CRC_ERROR
551100,-11.05,6.27,-0.40,0.00,-42069
ERROR: STOTE_ERROR
551192,-11.05,5.06,-0.40,0.00,-42069
551223,-9.84,6.27,-0.40,0.00,-42069
551254,-9.84,6.27,-0.40,0.00,-42069
551283,-9.84,5.06,-0.40,0.00,-42069
551314,-9..27,-0.40,0.00,-42069
551345,-12.27,6.27,-0.40,0.00,-42069
551375,-12.27,,-0.40,0.00,-42069
551406,-9.84,3.85,-0.40,0.00,-42069
551437,-11.05,6.27,-0..00,-42069
ERROR: CRC_ERROR
551528,-11.05,6.27,-0.40,0.00,-42069
ERROR: STOP_BYRROR
551620,-12.27,6.27,-0.40,0.00,-42069
551651,-12.27,6.27,-0.40,0.00,-42069
551682,-13.48,6.27,-0.40,0.00,-42069
551712,-15.91,5.06,-0.40,0.00,-42069
43,-12.27,3.85,-0.40,0.00,-42069
551773,-12.27,7.48,-0.40,0.00,-42069
551803,-12.27,6.27,-0.40,0.00,-42069
551834,-12.27,7.48,-0.40,0.00,-42069
ERROR: CRC_ERROR
926,-15.91,7.48,-0.40,0.00,-42069
ERROR: STOP_BYTE_ERROR
552018,-23.20,8.69,15.78,0.06,-42069
552048,-21.98,7.48,34.65,0.13,-42069
552079,-21.98,5.06,56.22,0.42069
552110,-24.41,8.69,73.75,0.27,-42069
552140,-26.84,8.69,84.53,0.31,-42069
552171,-26.84,8.69,92.62,0.34,-42069
552202,-28.05,8.69,100.71,0.37,-42069
552232,-29.27,9.90,95.31,0.35,-42069
ERROR: CRC_ERROR
552324,-30.48,8.69,87.23,0.32,-42069
ERROR: STOP_BYTE_ERROR
552416,-28.05,8.69,64.31,0.23,-42069
552446,-28.05,8.69,61.61,0-42069
552477,-28.05,8.69,64.31,0.23,-42069
552508,-28.05,8.69,60.27,0.22,-42069
552539,-25.62,7.48,56.22,0.21,-42069
552569,-24.41,5.06,53.53,0.20,-42069
552599,-24.41,8.69,42.74,0.16,-42069
ERROR: CRC_ERROR
552691,-20.77,8.69,9.04,0.03,-42069
ERROR: STOP_BYTE_ERROR
552783,-17.12,7.48,-0.40,0.00,-42069
552814,-15.91,6.27,-0.40,0.00,-42069
552844,-15.91,7.48,-0.40,0.00,-42069
552875,-14.70,3.85,-0.40,0.00,-42069
552905,-14.70,7.48,-0.40,0.00,-42069
552936,-14.70,7.48,-0.40,0.00,-42069
552-13.48,7.48,-0.40,0.00,-42069
552997,-13.48,8.69,-0.40,0.00,-42069
ERROR: CRC_ERR553090,-13.48,7.48,-0.40,0.00,-42069
ERROR: STOP_BYTE_ERROR
553181,-14.70,7.48,-0.40,0.00,-42069
553211,-13.48,7.48,-0.40,0.00,-42069
553242,-14.70,8.69,-0.40,0.00,-42069
553273,-1,7.48,-0.40,0.00,-42069
553304,-19.55,7.48,-0.40,0.00,-42069
553334,-15.91,7.48,-0.40,0.00,-42069
553364,-15.91,7.48,-0.40,0.00,-42069
553395,-17.12,6.27,-0.40,0.00,-42069
ERROR: CRC_ERROR
553487,-18.34,7.48,6.34,0.02,-42069
ERROR: STOP_BYTE_ERROR
553579,-19.55,7.48,68.35,0.25,-42069
553610,-18.34,7.48,85.88,0.31,-42069
553639,-20.77,7.48,107.45,0.39,-42069
553670,-25.62,7.48,122.28,0.44,-42069
553701,-21.98,3.85,145.19,0.53,-42069
553732,-23.20,7.48,154.63,0.56,-42069
553762,-23.20,8.69,170.81,0.62,-42069
553793,-24.41,7.48,188.33,0.68,-42069
ERROR: CRC_ERROR
553885,-26.84,7.48,228.77,0.83,-42069
ERROR: STOP_BYTE_ERROR
553976,-29.27,8.69,234.16,0.85,-42069
554007,-29.27,8.69,238.21,0.87,-42069
38,-30.48,8.69,246.30,0.89,-42069
554068,-30.48,8.69,242.25,0.88,-42069
554090.48,8.69,248.99,0.90,-42069
554130,-30.48,8.69,244.95,0.89,-42069
554160,-31.69,7.48,244.95,0.89,-42069
ERROR: CRC_ERROR
554252,-30.48,8.69,278.65,1.01,-42069
ERROR: STOP_BYTE_ERROR
554344,-29.27,8.69,294.83,1.07,-42069
554375,-29.27,7.48,294.83,1.07,-42069
554405,-28.05,8.69,298.87,1.09,-42069
554435,-30.48,8.69,29,1.08,-42069
554466,-26.84,6.27,290.78,1.06,-42069
554497,-26.84,8.69,274.600,-42069
ERROR: CRC_ERROR
554589,-25.62,8.69,231.47,0.84,-42069
ERROR: STOP_BYTE_ERROR
554681,-24.41,8.69,182.94,0.66,-42069
554711,-23.20,8.69,165.41,0.60,-42069
554741,-23.20,8.69,142.50,0.52,-42069
554772,-20.77,8.69,120.93,0.44,-42069
554803,-21.98,8.69,112.84,0.41,-42069
554833,-20.77,8.69,95.31,0.35,-42069
554864,-20.77,8.69,87.23,0.32,-42069
ERROR: CRC_ERROR
554956,-19.55,6.27,68.35,0.25,-42069
ERROR: STOP_BYTE_ERROR
47,-21.98,8.69,52.18,0.19,-42069
555078,-20.77,8.69,50.83,0.19,-42069
555109,-23.20,8.69,62.96,0.23,-42069
555140,-20.77,7.48,71.05,0.26,-42069
555170,-20.77,6.27,81.83,0.30,-42069
201,-20.77,9.90,80.49,0.29,-42069
555232,-21.98,8.69,80.49,0.29,-42069
555261,-19.55,8.69,85.88,0.31,-42069
ERROR: CRC_ERROR
555354,-20.77,8.69,73.75,0.27,-42069
ERROR: STOP_BYTE_ERROR
555446,-20.77,8.69,65.66,0.24,-42069
555476,-24.41,8.69,53.53,0.20,-42069
555507,-20.77,7.48,40.05,0.15,-42069
555537,-20.77,5.06,31.96,0.12,-42069
555568,-21.98,8.69,17.13,0.06,-42069
555598,-21.98,8.69,6.34,0.02,-42069
555629,-20.77,8.69,-0.400,-42069
555660,-20.77,8.69,-0.40,0.00,-42069
ERROR: CRC_ERROR
555752,-20.77,8.69,-0.40,0.00,-42069
ERROR: STOP_BYTE_ERROR
555843,-19.55,3.85,-0.40,0.00,-42069
555874,-19.55,7.48,-0.40,0.00,-42069
555905,-18.34,7.48,-0.40,0.00,-42069
555935,-19.55,6.27,-0.40,0.00,-42069
555966,-197.48,3.65,0.01,-42069
555997,-19.55,6.27,-0.40,0.00,-42069
556027,-18.34,6.27,-0.40,0-42069
556057,-18.34,7.48,-0.40,0.00,-42069
ERROR: CRC_ERROR
556149,-19.55,7.48,0,0.00,-42069
ERROR: STOP_BYTE_ERROR
556241,-0.13,8.69,-0.40,0.00,-42069
556272,-1.34,8.69,-0.40,0.00,-42069
556302,-0.13,8.69,-0.40,0.00,-42069
556333,-0.13,7.48,-0.40,0.00,-42069
556363,-0.13,7.48,-0.40,0.00,-42069
556394,-2.55,8.69,-0.40,0.00069
556425,-0.13,6.27,-0.40,0.00,-42069
556455,-0.13,8.69,-0.40,0.00,-42069
ERROR: CRC_ERROR
556548,-1.34,8.69,-0.40,0.00,-42069
ERROR: STOP_BYTE_ERROR
556-0.13,7.48,-0.40,0.00,-42069
556669,-0.13,8.69,-0.40,0.00,-42069
556700,-0.13,7.48,-0.40,0.00,-42069
556731,-0.13,7.48,-0.40,0.00,-42069
556762,-1.34,7.48,-0.40,0.00,-42069
556792,-0.13,8.69,-0.40,0.00,-42069
556823,-0.13,8.69,-0.40,0.00,-42069
556853,-0.13,8.69,-0.40,0.00,-42069
556883,-1.34,8.69,-0.40,0.00,-42069
E: CRC_ERROR
556976,-0.13,5.06,-0.40,0.00,-42069
ERROR: STOP_BYTE_ERROR
55706.34,8.69,-0.40,0.00,-42069
557099,-0.13,8.69,-0.40,0.00,-42069
557128,-1.34,8.69,40,0.00,-42069
557159,-2.55,8.69,-0.40,0.00,-42069
557190,-0.13,7.48,-0.40,0.00,-42069
557220,-0.13,7.48,-0.40,0.00,-42069
557251,-1.34,7.48,-0.40,0.00,-42069
557282,-0.13,8.69,-0.40,0.00,-42069
557313,-0.13,7.48,-0.40,0.00,-42069
ERROR: CRC_ERROR
557404,-0.13,8.69,-0.40,0.00,-42069
ERROR: STOP_BYTE_ERROR
557496,-1.34,7.48,-0.40,0.00,-42069
557527,-0.13,8.69,-0.40,0.00,-42069
557557,-0.13,7.48,-0.40,0.00,-42069
557588,-3.77,8.69,-0.40,0.00,-42069
19,-0.13,7.48,-0.40,0.00,-42069
557649,-1.34,7.48,-0.40,0.00,-42069
557679,-0.13,7.48,-0.40,0.00,-42069
557710,-1.34,7.48,-0.40,0.00,-42069
557741,-2.55,8.69,-0.40,0.00,-42069
ERROR: CRC_ERROR
557833,-0.13,8.69,-0.40,0.00,-42069
ERROR: STOP_BYTE_ERROR
557924,-1.34,8.69,-0.40,0.00,-42069
557955,-3.77,7.48,-0.40,0.00,-9
557985,-0.13,8.69,-0.40,0.00,-42069
558016,-1.34,7.48,-0.40,0.00,-42069
558047,-2.55,8.69,-0.40,0.00,-42069
558077,-3.77,8.69,-0.40,0.00,-42069
558108,1.09,5.06,-0.40,0.00,-42069
558139,-0.13,8.69,-0.40,0.00,-42069
558170,-0.13,8.69,-0.40,0.00,-42069
558199,-0.13,7.48,-0.40,0.00,-42069
ERROR: CRC_ERROR
558291,-0.13,8.69,-0.40,0.00,-42069
ERROR: STOP_BYTE_ERROR
558384,-1.34,8.69,-0.40,0.00,-42069
558414,-0.13,7.48,-0.40,0.00,-420698445,-2.55,8.69,-0.40,0.00,-42069
558475,-0.13,6.27,-0.40,0.00,-42069
558505,-2.55,8.69,-0.40,0.00,-42069
558536,-1.34,7.48,-0.40,0.00,-42069
558567,-0.13,7.48,-0.40,0.00,-42069
558598,-0.13,7.48,-0.40,0.00,-42069
558628,-2.55,8.69,-0.40,0.00,-42069
ERROR: CRC_ERROR
558720,-0.13,8.69,-0.40,0.00,-42069
ERROR: STOP_BYTE_ERROR
558812,-0.13,8.69,-0.40,0.00,-42069
558842,-0.13,8.69,-0.40,0.00,-42069
558873,-0.13,7.48,-0.40,0.00,-42069
558904,-3.77,8.69,-0.40,0.00,-42069
558935,-14.70,3.85,-0.40,0.00,-42069
558965,-14.70,7.48,-0.40,0.00,-42069
558995,-15.91,7.48,-0.40,0.00,-42069
559026,-14.70,7.48,-0.40,0.00,-42069
ERROR: CRC_ERROR
559118,-14.70,5.06,-0.40,0.00,-42069
ERROR: STOP_BYTE_ERROR
559210,-17.12,8.69,45.44,0.17069
559240,-18.34,7.48,84.53,0.31,-42069
559270,-17.12,7.48,115.54,0.42,-42069
559301,-18.34,7.48,139.80,0.51,-42069
559332,-17.12,7.48,142.50,0.52,-42069
559363,-17.12,7.48,138.45,0.50,-42069
559393,-17.12,6.27.67,0.46,-42069
559424,-15.91,7.48,122.28,0.44,-42069
ERROR: CRC_ERROR
559519.55,7.48,112.84,0.41,-42069
ERROR: STOP_BYTE_ERROR
559607,-12.27,6.27,72.40,0.22069
559638,-12.27,7.48,53.53,0.20,-42069
559669,-12.27,7.48,37.35,0.14,-42069
559699,-11.05,6.27,26.56,0.10,-42069
559730,-11.05,6.27,19.82,0.07,-42069
559761,-13.48,6.27,2.30,0.01,-42069
559792,-9.84,7.48,-0.40,0.00,-42069
ERROR: CRC_ERROR
559883,-8.63,5.06,-0.40,0.00,-42069
ERROR: STOP_BYTE_ERROR
559975,-7.41,7.48,-0.40,0.00,-42069
560006,-8.63,6.27,-0.40,0.00,-42069
560036,-7.41,6.27,-0.40,0.00,-42069
560066,-8.63,6.27,-0.40,0.00,-42069
560097,-8.63,6.27,-0.40,0.00,-42069
560128,-11.05,7.48,-0.40,0.00,-42069
560158,-7.41,7.48,-0.40,0.00,-42069
560189,-7.41,7.48,-0.40,0.00,-42069
560220,-8.63,7.48,-0.40,0.00,-42069
ERROR: CRC_ERROR
560311,-7.41,6.27,-0.40,0.00,-42069
ERROR: STOP_BYTE_ERROR
560403,-8.63,6.27,-0.40,0.00,-42069
560434,-7.41,6.27,-0.40,0.00,-42069
560464,-7.41,5.06,-0.40,0.00,-42069
560495,-8.63,5.06,-0.40,0.00,-42069
560526,-7.41,3.85,-0.40,0.00,-42069
560556,-7.41,3.85,-0.40,0.00,-42069
560586,-7.41,3.85,-0.40,0.00,-42069
560617,-7..85,-0.40,0.00,-42069
560648,-7.41,5.06,-0.40,0.00,-42069
ERROR: CRC_ERROR
560740,-8.63,5.06,-0.40,0.00,-42069
ERROR: STOP_BYTE_ERROR
560831,-7.41,7.48,0,0.00,-42069
560862,-7.41,6.27,-0.40,0.00,-42069
560892,-7.41,7.48,-0.40,0.00,-42069
560923,-7.41,7.48,-0.40,0.00,-42069
560954,-8.63,5.06,-0.40,0.00,-42069
560985,-8..27,-0.40,0.00,-42069
561015,-8.63,6.27,-0.40,0.00,-42069
561046,-9.84,7.48,-0.40,0.00,-42069
561076,-11.05,7.48,-0.40,0.00,-42069
ERROR: CRC_ERROR
561168,-11.05,5.06,-0.40,0.00,-42069
ERROR: STOP_BYTE_ERROR
561260,-13.48,8.69,-0.40,0.00,-42069
561291,70,7.48,-0.40,0.00,-42069
561321,-15.91,7.48,-0.40,0.00,-42069
561351,-14.70,5.06,-0.40,0.00,-42069
561382,-18.34,8.69,-0.40,0.00,-42069
561413,-18.34,7.48,-0.40,0.00,-42069
561443,-18.34,8.69,-0.40,0.00,-42069
561474,-21.98,8.69,-0.40,0.00,-42069
ERROR: CRC_ERROR
566,-20.77,5.06,-0.40,0.00,-42069
ERROR: STOP_BYTE_ERROR
561657,-0.13,7.48,-0.40,0.00,-42069
561688,-1.34,7.48,-0.40,0.00,-42069
561719,-2.55,8.69,-0.40,0.00,-42069
561750,-1.34,7.48,-0.40,0.00,-42069
561780,-3.77,8.69,-0.40,0.00,-42069
561811,-0.13,7.48,-0.40,,-42069
561841,-0.13,8.69,-0.40,0.00,-42069
561871,-0.13,8.69,-0.40,0.00,-420ERROR: CRC_ERROR
561964,-0.13,7.48,-0.40,0.00,-42069
ERROR: STOP_BYTE_ERROR
562056,-0.13,8.69,-0.40,0.00,-42069
562086,-1.34,8.69,-0.40,0.00,-42069
562116,-1.34,7.48,-0.40,0.00,-42069
562147,-0.13,8.69,-0.40,0.00,-42069
562178,-0.13,5.06,-0.40
